19	92
19	92
23	97
13	92
19	95
20	100
19	95
24	97
1	87
22	97
23	95
24	100
22	93
25	87
29	98
23	93
20	98
23	98
28	100
21	98
24	98
25	100
27	100
23	100
21	100
21	97
24	96
21	98
25	100
23	96
24	100
24	100
24	98
30	100
25	95
23	98
29	97
27	98
27	100
23	93
24	98
24	95
23	98
24	95
24	100
23	99
25	97
26	99
25	97
24	100
27	97
31	100
27	93
25	93
25	100
26	93
30	98
28	98
30	95
29	100
48	91
52	100
47	100
45	100
48	100
40	97
40	95
48	100
44	97
46	100
34	98
31	98
38	100
41	100
38	100
44	100
43	96
49	100
48	95
47	98
31	100
25	93
26	98
28	97
33	100
40	97
44	100
40	97
41	97
47	98
44	95
30	95
29	97
34	97
36	100
26	98
39	96
42	92
46	98
48	100
46	100
27	91
36	97
35	100
38	100
25	92
28	92
27	92
26	95
24	97
29	95
31	100
30	95
45	98
25	100
26	93
28	100
29	98
28	100
29	100
26	100
29	100
23	92
31	94
25	97
27	97
27	97
31	100
25	100
26	93
27	93
25	98
31	98
32	98
28	98
31	100
28	95
27	95
30	100
26	92
27	98
28	93
27	98
30	98
30	98
29	89
28	98
29	100
27	95
29	95
27	98
28	100
24	86
28	98
28	98
28	95
30	100
29	97
28	100
24	94
26	100
26	100
28	100
29	91
26	93
24	98
27	100
24	98
23	100
30	100
27	94
31	95
27	100
31	97
29	97
25	97
34	100
29	95
30	98
31	100
29	98
40	93
50	98
47	70
117	28
54	91
54	93
52	98
45	95
46	100
46	100
31	91
37	100
27	95
28	98
28	100
34	98
36	95
36	97
42	95
28	96
26	100
26	100
24	91
27	93
30	96
29	100
30	97
28	100
26	95
24	100
28	91
21	94
31	97
34	100
24	100
30	97
29	100
24	95
24	100
25	95
26	100
30	98
27	98
23	91
26	96
27	100
27	94
28	98
28	99
27	96
26	93
28	97
35	96
30	99
28	97
35	98
33	98
28	100
28	97
28	98
28	100
22	97
20	93
21	98
19	98
25	98
35	100
30	100
27	97
31	100
28	100
27	98
33	98
34	97
35	95
37	98
23	98
25	96
33	95
29	88
20	94
23	86
27	97
24	98
25	95
28	100
29	95
31	98
19	95
12	84
30	98
25	95
25	95
28	95
21	95
27	90
23	100
27	95
27	87
18	92
29	90
37	95
32	96
52	96
44	95
49	91
36	100
23	98
47	97
27	95
7	93
34	99
44	99
40	98
34	93
25	96
29	95
27	94
33	98
31	99
36	98
30	97
28	99
34	99
38	98
31	94
32	98
28	91
31	99
37	100
38	94
37	93
30	93
31	94
41	96
38	98
38	99
33	97
34	97
40	98
36	98
41	100
25	93
34	94
35	99
43	100
27	92
32	100
30	99
33	98
42	97
46	100
26	90
20	93
32	97
39	100
37	100
35	93
38	95
31	89
34	100
39	89
42	91
34	98
35	94
47	98
44	98
41	100
40	100
45	100
29	97
35	95
42	100
44	100
36	90
47	98
50	98
46	98
42	98
42	95
51	98
48	98
50	100
42	96
41	98
39	98
44	98
44	96
46	94
47	100
27	96
34	96
34	96
39	100
37	94
45	100
36	89
44	100
42	97
46	99
52	100
42	99
40	97
45	99
46	100
46	97
44	100
38	87
50	96
40	90
30	85
34	85
47	96
21	91
44	89
0	98
36	92
33	95
41	97
45	99
38	99
38	95
40	93
38	100
38	98
37	98
35	100
32	91
37	98
32	96
35	98
41	98
40	97
39	98
40	98
42	99
36	97
49	95
60	100
46	96
51	99
51	95
55	96
52	95
54	95
60	99
47	98
52	100
45	94
45	96
47	98
42	94
45	96
45	96
46	93
43	96
42	97
48	97
45	97
54	97
50	98
49	97
53	100
42	98
38	92
45	98
49	100
43	98
38	87
39	88
44	94
40	87
36	87
40	98
37	94
53	97
55	98
53	95
55	96
60	99
53	98
58	96
41	93
55	96
51	95
46	91
42	98
47	98
46	95
54	100
44	97
48	98
52	97
42	94
53	98
35	96
37	92
44	91
54	97
59	97
63	98
60	95
55	97
55	95
51	98
56	93
59	98
48	94
49	99
45	97
56	100
63	93
55	86
69	100
44	92
39	94
50	93
47	96
49	94
49	98
40	95
51	98
56	100
49	82
63	95
61	98
49	93
54	93
59	100
55	98
50	96
54	100
43	91
43	92
50	96
49	94
57	95
56	93
64	97
63	93
66	98
43	93
53	96
51	96
53	97
47	95
49	99
48	99
56	99
49	99
54	97
63	100
45	96
41	100
47	99
52	97
56	99
55	96
57	99
53	99
63	98
62	100
54	100
60	98
59	99
47	90
46	98
47	90
54	100
50	96
53	98
56	94
63	98
59	100
54	97
55	98
57	95
53	98
51	96
56	98
50	91
54	98
61	100
50	95
46	94
47	93
53	96
51	96
51	98
50	100
47	93
62	100
48	89
56	99
47	95
50	97
51	98
49	94
50	98
51	98
46	93
54	95
58	100
39	98
56	100
59	98
63	98
51	100
48	96
49	95
46	97
42	93
53	97
55	99
40	92
41	96
35	98
48	95
48	94
62	100
61	100
44	92
50	96
54	96
59	99
57	93
57	92
56	97
56	98
62	96
56	97
61	97
68	98
42	92
60	98
58	96
61	100
49	93
59	97
60	99
42	87
47	98
53	98
55	98
47	90
50	97
50	97
50	98
56	99
45	94
50	97
47	98
56	100
58	94
57	99
68	97
65	96
67	99
63	99
64	96
46	85
62	99
62	100
49	90
52	93
58	99
58	97
51	92
43	90
53	100
50	96
55	96
54	95
47	84
48	97
49	97
48	91
52	96
46	93
54	99
50	99
55	95
58	98
39	90
53	96
58	100
46	95
56	98
55	95
67	100
61	99
62	98
66	99
50	94
61	95
52	93
58	96
57	99
47	91
60	95
53	93
59	99
50	93
63	100
69	97
58	96
57	96
58	97
58	99
60	99
59	95
56	95
52	90
57	94
58	90
56	94
34	99
55	89
64	98
66	100
46	98
42	95
58	95
63	99
58	100
44	84
59	100
52	97
49	94
52	97
